gen	frequency	popfit
1	0.00015	0.90003
2	0.0002	0.90004
3	0.0003	0.90006
4	0.0003	0.90006
5	0.00045	0.90009
6	0.00045	0.90009
7	0.00055	0.90011
8	0.00045	0.90009
9	0.0006	0.90012
10	0.00045	0.90009
11	0.0005	0.9001
12	0.0006	0.90012
13	0.00055	0.90011
14	0.0005	0.9001
15	0.00055	0.90011
16	0.00085	0.90017
17	0.0008	0.90016
18	0.00105	0.90021
19	0.0012	0.90024
20	0.00085	0.90017
21	0.0006	0.90012
22	0.00105	0.90021
23	0.0009	0.90018
24	0.0015	0.9003
25	0.0013	0.90026
26	0.0018	0.90036
27	0.00205	0.90041
28	0.003	0.900599
29	0.00325	0.900649
30	0.00275	0.900549
31	0.00315	0.900629
32	0.0038	0.900759
33	0.0041	0.900818
34	0.0041	0.900818
35	0.00425	0.900848
36	0.00455	0.900908
37	0.00475	0.900948
38	0.0047	0.900938
39	0.006	0.901196
40	0.0074	0.901475
41	0.0091	0.901812
42	0.00975	0.90194
43	0.01105	0.902198
44	0.0118	0.902346
45	0.01445	0.902869
46	0.01735	0.90344
47	0.02005	0.90397
48	0.02305	0.904557
49	0.0245	0.90484
50	0.025	0.904937
51	0.0255	0.905035
52	0.0264	0.90521
53	0.0295	0.905813
54	0.0331	0.90651
55	0.0349	0.906858
56	0.03805	0.907465
57	0.04135	0.908099
58	0.0497	0.909693
59	0.05145	0.910025
60	0.0575	0.911169
61	0.062	0.912016
62	0.06865	0.913259
63	0.0758	0.914585
64	0.07955	0.915277
65	0.08595	0.916451
66	0.0925	0.917644
67	0.1019	0.919342
68	0.1093	0.920665
69	0.11665	0.921969
70	0.1251	0.923455
71	0.13135	0.924545
72	0.13755	0.925618
73	0.1483	0.927461
74	0.15995	0.929432
75	0.1748	0.931904
76	0.18985	0.934366
77	0.1998	0.935968
78	0.21325	0.938102
79	0.22265	0.939573
80	0.2328	0.94114
81	0.24495	0.94299
82	0.2598	0.94521
83	0.27925	0.948052
84	0.2959	0.950424
85	0.3075	0.952044
86	0.32395	0.954296
87	0.34105	0.956578
88	0.3525	0.958074
89	0.3701	0.960323
90	0.38335	0.961974
91	0.4045	0.964538
92	0.42015	0.966377
93	0.4331	0.967862
94	0.44745	0.969469
95	0.46035	0.970878
96	0.47	0.97191
97	0.4881	0.973796
98	0.50715	0.97571
99	0.515	0.976477
100	0.5331	0.9782
101	0.5489	0.979651
102	0.5641	0.980999
103	0.5764	0.982056
104	0.5851	0.982786
105	0.5909	0.983264
106	0.5972	0.983775
107	0.6055	0.984437
108	0.615	0.985178
109	0.6264	0.986042
110	0.63625	0.986769
111	0.6445	0.987362
112	0.65985	0.98843
113	0.6683	0.988998
114	0.67585	0.989493
115	0.68675	0.990187
116	0.69415	0.990646
117	0.7026	0.991155
118	0.70525	0.991312
119	0.71195	0.991703
120	0.7149	0.991872
121	0.72535	0.992457
122	0.728	0.992602
123	0.7325	0.992844
124	0.7391	0.993193
125	0.74235	0.993362
126	0.74415	0.993454
127	0.7489	0.993695
128	0.75265	0.993882
129	0.75545	0.99402
130	0.76075	0.994276
131	0.7665	0.994548
132	0.76825	0.994629
133	0.77165	0.994786
134	0.77485	0.994931
135	0.7747	0.994924
136	0.782	0.995248
137	0.78215	0.995254
138	0.78565	0.995405
139	0.78845	0.995525
140	0.78915	0.995554
141	0.79215	0.99568
142	0.7955	0.995818
143	0.80015	0.996006
144	0.8076	0.996298
145	0.81525	0.996587
146	0.81555	0.996598
147	0.81665	0.996638
148	0.82045	0.996776
149	0.82525	0.996946
150	0.8232	0.996874
151	0.82275	0.996858
152	0.8276	0.997028
153	0.83155	0.997162
154	0.8293	0.997086
155	0.8318	0.997171
156	0.83185	0.997173
157	0.8331	0.997214
158	0.83565	0.997299
159	0.84145	0.997486
160	0.84355	0.997552
161	0.8456	0.997616
162	0.8459	0.997625
163	0.84695	0.997658
164	0.8475	0.997674
165	0.85035	0.99776
166	0.85395	0.997867
167	0.8532	0.997845
168	0.85335	0.997849
169	0.85415	0.997873
170	0.8567	0.997947
171	0.86125	0.998075
172	0.859	0.998012
173	0.8624	0.998107
174	0.86205	0.998097
175	0.8666	0.99822
176	0.86585	0.9982
177	0.8709	0.998333
178	0.87305	0.998388
179	0.8766	0.998477
180	0.87835	0.99852
181	0.88155	0.998597
182	0.8829	0.998629
183	0.8838	0.99865
184	0.88415	0.998658
185	0.88305	0.998632
186	0.8813	0.998591
187	0.881	0.998584
188	0.8845	0.998666
189	0.8889	0.998766
190	0.8895	0.998779
191	0.89365	0.998869
192	0.8957	0.998912
193	0.8971	0.998941
194	0.8992	0.998984
195	0.9006	0.999012
196	0.8998	0.998996
197	0.90545	0.999106
198	0.9048	0.999094
199	0.90305	0.99906
200	0.9049	0.999096
201	0.91035	0.999196
202	0.91395	0.99926
203	0.91535	0.999283
204	0.91825	0.999332
205	0.91655	0.999304
206	0.9182	0.999331
207	0.9158	0.999291
208	0.91485	0.999275
209	0.9154	0.999284
210	0.9191	0.999346
211	0.9203	0.999365
212	0.91955	0.999353
213	0.92005	0.999361
214	0.92335	0.999412
215	0.9248	0.999434
216	0.9243	0.999427
217	0.92675	0.999463
218	0.92765	0.999477
219	0.92635	0.999458
220	0.928	0.999482
221	0.93	0.99951
222	0.9284	0.999487
223	0.92845	0.999488
224	0.9276	0.999476
225	0.93205	0.999538
226	0.93025	0.999513
227	0.93125	0.999527
228	0.9318	0.999535
229	0.93005	0.999511
230	0.9315	0.999531
231	0.93375	0.999561
232	0.934	0.999564
233	0.9351	0.999579
234	0.9378	0.999613
235	0.93975	0.999637
236	0.94005	0.999641
237	0.93935	0.999632
238	0.9395	0.999634
239	0.9383	0.999619
240	0.9404	0.999645
241	0.94	0.99964
242	0.93945	0.999633
243	0.94195	0.999663
244	0.94305	0.999676
245	0.9411	0.999653
246	0.94265	0.999671
247	0.94105	0.999652
248	0.94075	0.999649
249	0.94085	0.99965
250	0.9404	0.999645
251	0.9411	0.999653
252	0.9386	0.999623
253	0.9386	0.999623
254	0.93805	0.999616
255	0.936	0.99959
256	0.93395	0.999564
257	0.9361	0.999592
258	0.9394	0.999633
259	0.9433	0.999679
260	0.94605	0.999709
261	0.94745	0.999724
262	0.9475	0.999724
263	0.9472	0.999721
264	0.949	0.99974
265	0.94855	0.999735
266	0.94975	0.999747
267	0.9512	0.999762
268	0.95385	0.999787
269	0.955	0.999798
270	0.9542	0.99979
271	0.95725	0.999817
272	0.9603	0.999842
273	0.9591	0.999833
274	0.95675	0.999813
275	0.95805	0.999824
276	0.95775	0.999821
277	0.95605	0.999807
278	0.958	0.999824
279	0.9597	0.999838
280	0.9612	0.999849
281	0.9612	0.999849
282	0.96095	0.999848
283	0.96055	0.999844
284	0.96185	0.999854
285	0.96075	0.999846
286	0.96255	0.99986
287	0.96365	0.999868
288	0.9637	0.999868
289	0.96355	0.999867
290	0.96485	0.999876
291	0.96555	0.999881
292	0.9672	0.999892
293	0.96735	0.999893
294	0.96545	0.999881
295	0.96595	0.999884
296	0.96585	0.999883
297	0.96395	0.99987
298	0.96315	0.999864
299	0.962	0.999856
300	0.96065	0.999845
301	0.9627	0.999861
302	0.96185	0.999854
303	0.9615	0.999852
304	0.95995	0.99984
305	0.95935	0.999835
306	0.9604	0.999843
307	0.9584	0.999827
308	0.96005	0.99984
309	0.9571	0.999816
310	0.95395	0.999788
311	0.95415	0.99979
312	0.95435	0.999792
313	0.9547	0.999795
314	0.9532	0.999781
315	0.9561	0.999807
316	0.9567	0.999813
317	0.95625	0.999809
318	0.95585	0.999805
319	0.9563	0.999809
320	0.9563	0.999809
321	0.95825	0.999826
322	0.95795	0.999823
323	0.96035	0.999843
324	0.961	0.999848
325	0.95975	0.999838
326	0.95755	0.99982
327	0.95665	0.999812
328	0.95575	0.999804
329	0.958	0.999824
330	0.9581	0.999824
331	0.95785	0.999822
332	0.95875	0.99983
333	0.9599	0.999839
334	0.9594	0.999835
335	0.9587	0.999829
336	0.9589	0.999831
337	0.95805	0.999824
338	0.9596	0.999837
339	0.95595	0.999806
340	0.95475	0.999795
341	0.95625	0.999809
342	0.95385	0.999787
343	0.9539	0.999787
344	0.95255	0.999775
345	0.9504	0.999754
346	0.951	0.99976
347	0.953	0.999779
348	0.9528	0.999777
349	0.9524	0.999773
350	0.95195	0.999769
351	0.94865	0.999736
352	0.9489	0.999739
353	0.95045	0.999754
354	0.95395	0.999788
355	0.95505	0.999798
356	0.95095	0.999759
357	0.95305	0.99978
358	0.9539	0.999787
359	0.9554	0.999801
360	0.9551	0.999798
361	0.95405	0.999789
362	0.954	0.999788
363	0.95295	0.999779
364	0.95365	0.999785
365	0.95215	0.999771
366	0.9535	0.999784
367	0.95285	0.999778
368	0.9514	0.999764
369	0.9518	0.999768
370	0.952	0.99977
371	0.95395	0.999788
372	0.95425	0.999791
373	0.95695	0.999815
374	0.9571	0.999816
375	0.9564	0.99981
376	0.95595	0.999806
377	0.9547	0.999795
378	0.9544	0.999792
379	0.954	0.999788
380	0.9526	0.999775
381	0.95315	0.999781
382	0.95615	0.999808
383	0.9573	0.999818
384	0.95615	0.999808
385	0.95605	0.999807
386	0.95555	0.999802
387	0.95915	0.999833
388	0.96055	0.999844
389	0.96065	0.999845
390	0.9621	0.999856
391	0.96355	0.999867
392	0.96375	0.999869
393	0.9637	0.999868
394	0.9638	0.999869
395	0.96355	0.999867
396	0.96265	0.99986
397	0.96315	0.999864
398	0.9615	0.999852
399	0.9627	0.999861
400	0.9621	0.999856
401	0.96435	0.999873
402	0.9639	0.99987
403	0.9603	0.999842
404	0.96245	0.999859
405	0.96105	0.999848
406	0.9626	0.99986
407	0.96335	0.999866
408	0.9627	0.999861
409	0.9642	0.999872
410	0.9621	0.999856
411	0.963	0.999863
412	0.9619	0.999855
413	0.96355	0.999867
414	0.9631	0.999864
415	0.96455	0.999874
416	0.9637	0.999868
417	0.9639	0.99987
418	0.9629	0.999862
419	0.9627	0.999861
420	0.96385	0.999869
421	0.963	0.999863
422	0.96355	0.999867
423	0.96525	0.999879
424	0.9667	0.999889
425	0.96475	0.999876
426	0.9653	0.99988
427	0.9662	0.999886
428	0.9654	0.99988
429	0.9667	0.999889
430	0.9691	0.999905
431	0.9697	0.999908
432	0.97085	0.999915
433	0.9721	0.999922
434	0.97305	0.999927
435	0.9746	0.999935
436	0.97625	0.999944
437	0.97405	0.999933
438	0.97355	0.99993
439	0.9739	0.999932
440	0.97585	0.999942
441	0.97635	0.999944
442	0.97825	0.999953
443	0.97705	0.999947
444	0.97695	0.999947
445	0.97535	0.999939
446	0.97575	0.999941
447	0.97555	0.99994
448	0.9765	0.999945
449	0.9765	0.999945
450	0.97545	0.99994
451	0.976	0.999942
452	0.9759	0.999942
453	0.9754	0.999939
454	0.9768	0.999946
455	0.97605	0.999943
456	0.97715	0.999948
457	0.9772	0.999948
458	0.978	0.999952
459	0.9792	0.999957
460	0.97995	0.99996
461	0.97925	0.999957
462	0.981	0.999964
463	0.9806	0.999962
464	0.9804	0.999962
465	0.98085	0.999963
466	0.98305	0.999971
467	0.9825	0.999969
468	0.9835	0.999973
469	0.9836	0.999973
470	0.9849	0.999977
471	0.98345	0.999973
472	0.9837	0.999973
473	0.98395	0.999974
474	0.98175	0.999967
475	0.9826	0.99997
476	0.9842	0.999975
477	0.98745	0.999984
478	0.98575	0.99998
479	0.9846	0.999976
480	0.9833	0.999972
481	0.9835	0.999973
482	0.98425	0.999975
483	0.98535	0.999979
484	0.98605	0.999981
485	0.98575	0.99998
486	0.98425	0.999975
487	0.98375	0.999974
488	0.9835	0.999973
489	0.9837	0.999973
490	0.98315	0.999972
491	0.9819	0.999967
492	0.98215	0.999968
493	0.9827	0.99997
494	0.98335	0.999972
495	0.9831	0.999971
496	0.98465	0.999976
497	0.984	0.999974
498	0.9834	0.999972
499	0.98495	0.999977
500	0.98525	0.999978
501	0.98465	0.999976
502	0.9852	0.999978
503	0.9839	0.999974
504	0.98345	0.999973
505	0.985	0.999977
506	0.9851	0.999978
507	0.98535	0.999979
508	0.9863	0.999981
509	0.9878	0.999985
510	0.9875	0.999984
511	0.98645	0.999982
512	0.98695	0.999983
513	0.98725	0.999984
514	0.985	0.999977
515	0.98535	0.999979
516	0.98605	0.999981
517	0.98555	0.999979
518	0.9858	0.99998
519	0.9862	0.999981
520	0.98655	0.999982
521	0.9875	0.999984
522	0.98755	0.999984
523	0.98735	0.999984
524	0.9868	0.999983
525	0.9862	0.999981
526	0.985	0.999977
527	0.98315	0.999972
528	0.98355	0.999973
529	0.9839	0.999974
530	0.9845	0.999976
531	0.98475	0.999977
532	0.98485	0.999977
533	0.9833	0.999972
534	0.98295	0.999971
535	0.98295	0.999971
536	0.9836	0.999973
537	0.98435	0.999976
538	0.98445	0.999976
539	0.98375	0.999974
540	0.984	0.999974
541	0.985	0.999977
542	0.9848	0.999977
543	0.9845	0.999976
544	0.9833	0.999972
545	0.98325	0.999972
546	0.9844	0.999976
547	0.98555	0.999979
548	0.98545	0.999979
549	0.986	0.99998
550	0.98625	0.999981
551	0.987	0.999983
552	0.9888	0.999987
553	0.9886	0.999987
554	0.98945	0.999989
555	0.98965	0.999989
556	0.9901	0.99999
557	0.9899	0.99999
558	0.99025	0.99999
559	0.9907	0.999991
560	0.991	0.999992
561	0.99045	0.999991
562	0.9897	0.999989
563	0.98965	0.999989
564	0.9889	0.999988
565	0.98835	0.999986
566	0.98955	0.999989
567	0.98955	0.999989
568	0.98995	0.99999
569	0.98925	0.999988
570	0.98995	0.99999
571	0.98945	0.999989
572	0.9898	0.99999
573	0.99005	0.99999
574	0.98935	0.999989
575	0.98805	0.999986
576	0.9895	0.999989
577	0.98925	0.999988
578	0.98915	0.999988
579	0.9886	0.999987
580	0.9892	0.999988
581	0.9872	0.999984
582	0.9869	0.999983
583	0.9859	0.99998
584	0.98645	0.999982
585	0.9864	0.999982
586	0.98595	0.99998
587	0.9864	0.999982
588	0.98545	0.999979
589	0.9853	0.999978
590	0.98475	0.999977
591	0.98455	0.999976
592	0.98485	0.999977
593	0.98495	0.999977
594	0.98635	0.999981
595	0.9856	0.999979
596	0.9851	0.999978
597	0.9851	0.999978
598	0.9848	0.999977
599	0.98625	0.999981
600	0.98455	0.999976
601	0.9842	0.999975
602	0.98265	0.99997
603	0.98385	0.999974
604	0.98335	0.999972
605	0.983	0.999971
606	0.9839	0.999974
607	0.98185	0.999967
608	0.9824	0.999969
609	0.981	0.999964
610	0.9796	0.999958
611	0.981	0.999964
612	0.98175	0.999967
613	0.98125	0.999965
614	0.98175	0.999967
615	0.98085	0.999963
616	0.9802	0.999961
617	0.9828	0.99997
618	0.9833	0.999972
619	0.9829	0.999971
620	0.9829	0.999971
621	0.98275	0.99997
622	0.98235	0.999969
623	0.9836	0.999973
624	0.9838	0.999974
625	0.98195	0.999967
626	0.9815	0.999966
627	0.98085	0.999963
628	0.9803	0.999961
629	0.98045	0.999962
630	0.97975	0.999959
631	0.97895	0.999956
632	0.97985	0.999959
633	0.9813	0.999965
634	0.9801	0.99996
635	0.97835	0.999953
636	0.97685	0.999946
637	0.97805	0.999952
638	0.977	0.999947
639	0.97685	0.999946
640	0.977	0.999947
641	0.9771	0.999948
642	0.97775	0.99995
643	0.97735	0.999949
644	0.9782	0.999952
645	0.97755	0.99995
646	0.97625	0.999944
647	0.9751	0.999938
648	0.9751	0.999938
649	0.9754	0.999939
650	0.9762	0.999943
651	0.9759	0.999942
652	0.9754	0.999939
653	0.97425	0.999934
654	0.9731	0.999928
655	0.9727	0.999925
656	0.9742	0.999933
657	0.97485	0.999937
658	0.97545	0.99994
659	0.9763	0.999944
660	0.97545	0.99994
661	0.9769	0.999947
662	0.9765	0.999945
663	0.97685	0.999946
664	0.97695	0.999947
665	0.97645	0.999945
666	0.97655	0.999945
667	0.9768	0.999946
668	0.97595	0.999942
669	0.97565	0.999941
670	0.9764	0.999944
671	0.97485	0.999937
672	0.97445	0.999935
673	0.97395	0.999932
674	0.9722	0.999923
675	0.9726	0.999925
676	0.9736	0.99993
677	0.9716	0.999919
678	0.9706	0.999914
679	0.9695	0.999907
680	0.9683	0.9999
681	0.9691	0.999905
682	0.9713	0.999918
683	0.9729	0.999927
684	0.9737	0.999931
685	0.9729	0.999927
686	0.9714	0.999918
687	0.9727	0.999925
688	0.97355	0.99993
689	0.97145	0.999918
690	0.97205	0.999922
691	0.9729	0.999927
692	0.9734	0.999929
693	0.97385	0.999932
694	0.97405	0.999933
695	0.97365	0.999931
696	0.9733	0.999929
697	0.97315	0.999928
698	0.97355	0.99993
699	0.9746	0.999935
700	0.97525	0.999939
701	0.97515	0.999938
702	0.97545	0.99994
703	0.9739	0.999932
704	0.9737	0.999931
705	0.9727	0.999925
706	0.97395	0.999932
707	0.9728	0.999926
708	0.97425	0.999934
709	0.97225	0.999923
710	0.97265	0.999925
711	0.97455	0.999935
712	0.97305	0.999927
713	0.9749	0.999937
714	0.97525	0.999939
715	0.9774	0.999949
716	0.97605	0.999943
717	0.97785	0.999951
718	0.97905	0.999956
719	0.98035	0.999961
720	0.9812	0.999965
721	0.98295	0.999971
722	0.9835	0.999973
723	0.98405	0.999975
724	0.98335	0.999972
725	0.98265	0.99997
726	0.98375	0.999974
727	0.98375	0.999974
728	0.98435	0.999976
729	0.9844	0.999976
730	0.98485	0.999977
731	0.9851	0.999978
732	0.98565	0.999979
733	0.9863	0.999981
734	0.9867	0.999982
735	0.9873	0.999984
736	0.9868	0.999983
737	0.98755	0.999984
738	0.9885	0.999987
739	0.98995	0.99999
740	0.9911	0.999992
741	0.9915	0.999993
742	0.99165	0.999993
743	0.9921	0.999994
744	0.9918	0.999993
745	0.99305	0.999995
746	0.993	0.999995
747	0.99355	0.999996
748	0.99285	0.999995
749	0.9929	0.999995
750	0.99235	0.999994
751	0.99345	0.999996
752	0.994	0.999996
753	0.9943	0.999997
754	0.9942	0.999997
755	0.99445	0.999997
756	0.9945	0.999997
757	0.99525	0.999998
758	0.9942	0.999997
759	0.99255	0.999994
760	0.9919	0.999993
761	0.99135	0.999993
762	0.99185	0.999993
763	0.99175	0.999993
764	0.99145	0.999993
765	0.9909	0.999992
766	0.99115	0.999992
767	0.99205	0.999994
768	0.9922	0.999994
769	0.99165	0.999993
770	0.9921	0.999994
771	0.9923	0.999994
772	0.99275	0.999995
773	0.9926	0.999995
774	0.9919	0.999993
775	0.99265	0.999995
776	0.99265	0.999995
777	0.9922	0.999994
778	0.9927	0.999995
779	0.99275	0.999995
780	0.9929	0.999995
781	0.9922	0.999994
782	0.9922	0.999994
783	0.99265	0.999995
784	0.9936	0.999996
785	0.9932	0.999995
786	0.9933	0.999996
787	0.9935	0.999996
788	0.9936	0.999996
789	0.9943	0.999997
790	0.99405	0.999996
791	0.99415	0.999997
792	0.9943	0.999997
793	0.99445	0.999997
794	0.9947	0.999997
795	0.9932	0.999995
796	0.9938	0.999996
797	0.99305	0.999995
798	0.99295	0.999995
799	0.99265	0.999995
800	0.99245	0.999994
801	0.99255	0.999994
802	0.99235	0.999994
803	0.9934	0.999996
804	0.99405	0.999996
805	0.99365	0.999996
806	0.99365	0.999996
807	0.99365	0.999996
808	0.993	0.999995
809	0.99245	0.999994
810	0.99315	0.999995
811	0.99345	0.999996
812	0.99345	0.999996
813	0.99275	0.999995
814	0.99275	0.999995
815	0.9918	0.999993
816	0.9909	0.999992
817	0.99185	0.999993
818	0.9925	0.999994
819	0.99355	0.999996
820	0.9936	0.999996
821	0.99265	0.999995
822	0.99315	0.999995
823	0.99355	0.999996
824	0.9941	0.999997
825	0.99315	0.999995
826	0.99335	0.999996
827	0.99405	0.999996
828	0.99385	0.999996
829	0.9938	0.999996
830	0.99305	0.999995
831	0.994	0.999996
832	0.99365	0.999996
833	0.9931	0.999995
834	0.9924	0.999994
835	0.9919	0.999993
836	0.9906	0.999991
837	0.99015	0.99999
838	0.99055	0.999991
839	0.9914	0.999993
840	0.99155	0.999993
841	0.9919	0.999993
842	0.9908	0.999992
843	0.9902	0.99999
844	0.99145	0.999993
845	0.9922	0.999994
846	0.99175	0.999993
847	0.9917	0.999993
848	0.99185	0.999993
849	0.99195	0.999994
850	0.99225	0.999994
851	0.99335	0.999996
852	0.99325	0.999995
853	0.99275	0.999995
854	0.99225	0.999994
855	0.9917	0.999993
856	0.99265	0.999995
857	0.993	0.999995
858	0.9931	0.999995
859	0.99355	0.999996
860	0.99195	0.999994
861	0.9912	0.999992
862	0.9911	0.999992
863	0.9913	0.999992
864	0.991	0.999992
865	0.991	0.999992
866	0.99	0.99999
867	0.98915	0.999988
868	0.9887	0.999987
869	0.9887	0.999987
870	0.98835	0.999986
871	0.9886	0.999987
872	0.9889	0.999988
873	0.9889	0.999988
874	0.9888	0.999987
875	0.98875	0.999987
876	0.98885	0.999988
877	0.989	0.999988
878	0.98825	0.999986
879	0.9896	0.999989
880	0.9901	0.99999
881	0.9899	0.99999
882	0.99105	0.999992
883	0.9901	0.99999
884	0.9891	0.999988
885	0.9892	0.999988
886	0.989	0.999988
887	0.98905	0.999988
888	0.98865	0.999987
889	0.9878	0.999985
890	0.988	0.999986
891	0.9881	0.999986
892	0.98815	0.999986
893	0.9882	0.999986
894	0.9876	0.999985
895	0.98615	0.999981
896	0.9858	0.99998
897	0.98605	0.999981
898	0.98485	0.999977
899	0.9858	0.99998
900	0.9847	0.999977
901	0.9852	0.999978
902	0.98525	0.999978
903	0.98455	0.999976
904	0.9839	0.999974
905	0.98415	0.999975
906	0.9837	0.999973
907	0.9848	0.999977
908	0.9856	0.999979
909	0.98705	0.999983
910	0.98745	0.999984
911	0.98755	0.999984
912	0.98725	0.999984
913	0.9867	0.999982
914	0.9861	0.999981
915	0.98545	0.999979
916	0.9855	0.999979
917	0.98575	0.99998
918	0.98545	0.999979
919	0.98555	0.999979
920	0.98575	0.99998
921	0.9854	0.999979
922	0.98545	0.999979
923	0.98535	0.999979
924	0.9861	0.999981
925	0.9865	0.999982
926	0.9871	0.999983
927	0.988	0.999986
928	0.98775	0.999985
929	0.9878	0.999985
930	0.98895	0.999988
931	0.9891	0.999988
932	0.98845	0.999987
933	0.9882	0.999986
934	0.98955	0.999989
935	0.98985	0.99999
936	0.9907	0.999991
937	0.99085	0.999992
938	0.99145	0.999993
939	0.9912	0.999992
940	0.9916	0.999993
941	0.99165	0.999993
942	0.9917	0.999993
943	0.9912	0.999992
944	0.9918	0.999993
945	0.99175	0.999993
946	0.99075	0.999991
947	0.9906	0.999991
948	0.99085	0.999992
949	0.99025	0.99999
950	0.98995	0.99999
951	0.9894	0.999989
952	0.98895	0.999988
953	0.9893	0.999989
954	0.9898	0.99999
955	0.9897	0.999989
956	0.98915	0.999988
957	0.9882	0.999986
958	0.9891	0.999988
959	0.98865	0.999987
960	0.9878	0.999985
961	0.98785	0.999985
962	0.9871	0.999983
963	0.98605	0.999981
964	0.98705	0.999983
965	0.98755	0.999984
966	0.98655	0.999982
967	0.98655	0.999982
968	0.98725	0.999984
969	0.98895	0.999988
970	0.9894	0.999989
971	0.99065	0.999991
972	0.9904	0.999991
973	0.9905	0.999991
974	0.9904	0.999991
975	0.99065	0.999991
976	0.9904	0.999991
977	0.9903	0.999991
978	0.99015	0.99999
979	0.98975	0.999989
980	0.9891	0.999988
981	0.98975	0.999989
982	0.9888	0.999987
983	0.98895	0.999988
984	0.98945	0.999989
985	0.98975	0.999989
986	0.99	0.99999
987	0.99035	0.999991
988	0.98965	0.999989
989	0.9908	0.999992
990	0.9913	0.999992
991	0.99175	0.999993
992	0.99115	0.999992
993	0.9903	0.999991
994	0.9907	0.999991
995	0.99225	0.999994
996	0.9927	0.999995
997	0.99325	0.999995
998	0.9918	0.999993
999	0.9911	0.999992
1000	0.99165	0.999993
1001	0.992	0.999994
1002	0.99185	0.999993
1003	0.9914	0.999993
1004	0.9915	0.999993
1005	0.99135	0.999993
1006	0.9912	0.999992
1007	0.99095	0.999992
1008	0.9919	0.999993
1009	0.9919	0.999993
1010	0.9914	0.999993
1011	0.99185	0.999993
1012	0.99225	0.999994
1013	0.9917	0.999993
1014	0.99185	0.999993
1015	0.99195	0.999994
1016	0.99135	0.999993
1017	0.99235	0.999994
1018	0.99295	0.999995
1019	0.9925	0.999994
1020	0.9925	0.999994
1021	0.99315	0.999995
1022	0.9937	0.999996
1023	0.99415	0.999997
1024	0.99435	0.999997
1025	0.9949	0.999997
1026	0.9946	0.999997
1027	0.99585	0.999998
1028	0.9961	0.999998
1029	0.9963	0.999999
1030	0.99605	0.999998
1031	0.99615	0.999999
1032	0.99585	0.999998
1033	0.9953	0.999998
1034	0.99585	0.999998
1035	0.9961	0.999998
1036	0.99595	0.999998
1037	0.9964	0.999999
1038	0.99665	0.999999
1039	0.99585	0.999998
1040	0.9963	0.999999
1041	0.9961	0.999998
1042	0.9961	0.999998
1043	0.9958	0.999998
1044	0.9959	0.999998
1045	0.9963	0.999999
1046	0.9958	0.999998
1047	0.9952	0.999998
1048	0.99505	0.999998
1049	0.9958	0.999998
1050	0.99535	0.999998
1051	0.99495	0.999997
1052	0.9948	0.999997
1053	0.99545	0.999998
1054	0.9961	0.999998
1055	0.99635	0.999999
1056	0.99645	0.999999
1057	0.99675	0.999999
1058	0.9966	0.999999
1059	0.9973	0.999999
1060	0.9973	0.999999
1061	0.997	0.999999
1062	0.99695	0.999999
1063	0.99655	0.999999
1064	0.9968	0.999999
1065	0.99625	0.999999
1066	0.9961	0.999998
1067	0.9957	0.999998
1068	0.9958	0.999998
1069	0.99615	0.999999
1070	0.99605	0.999998
1071	0.99585	0.999998
1072	0.9958	0.999998
1073	0.99545	0.999998
1074	0.99575	0.999998
1075	0.99615	0.999999
1076	0.99625	0.999999
1077	0.9961	0.999998
1078	0.99585	0.999998
1079	0.99555	0.999998
1080	0.99535	0.999998
1081	0.99565	0.999998
1082	0.99575	0.999998
1083	0.99545	0.999998
1084	0.9966	0.999999
1085	0.9965	0.999999
1086	0.997	0.999999
1087	0.9967	0.999999
1088	0.9969	0.999999
1089	0.99675	0.999999
1090	0.99645	0.999999
1091	0.99685	0.999999
1092	0.9967	0.999999
1093	0.9967	0.999999
1094	0.9965	0.999999
1095	0.9965	0.999999
1096	0.9964	0.999999
1097	0.99605	0.999998
1098	0.99625	0.999999
1099	0.9968	0.999999
1100	0.9964	0.999999
1101	0.9956	0.999998
1102	0.9961	0.999998
1103	0.9964	0.999999
1104	0.9968	0.999999
1105	0.99695	0.999999
1106	0.9964	0.999999
1107	0.99665	0.999999
1108	0.99675	0.999999
1109	0.99635	0.999999
1110	0.9958	0.999998
1111	0.99635	0.999999
1112	0.99635	0.999999
1113	0.9967	0.999999
1114	0.9971	0.999999
1115	0.99685	0.999999
1116	0.99615	0.999999
1117	0.99695	0.999999
1118	0.99715	0.999999
1119	0.99705	0.999999
1120	0.99655	0.999999
1121	0.99645	0.999999
1122	0.99655	0.999999
1123	0.9964	0.999999
1124	0.9966	0.999999
1125	0.9965	0.999999
1126	0.9962	0.999999
1127	0.99675	0.999999
1128	0.9976	0.999999
1129	0.9977	0.999999
1130	0.99745	0.999999
1131	0.9977	0.999999
1132	0.99755	0.999999
1133	0.99765	0.999999
1134	0.9975	0.999999
1135	0.99745	0.999999
1136	0.9977	0.999999
1137	0.9977	0.999999
1138	0.9979	1
1139	0.99775	0.999999
1140	0.9975	0.999999
1141	0.9969	0.999999
1142	0.99735	0.999999
1143	0.99735	0.999999
1144	0.99775	0.999999
1145	0.99725	0.999999
1146	0.9968	0.999999
1147	0.99635	0.999999
1148	0.99675	0.999999
1149	0.9969	0.999999
1150	0.99675	0.999999
1151	0.99665	0.999999
1152	0.9972	0.999999
1153	0.99665	0.999999
1154	0.9968	0.999999
1155	0.9974	0.999999
1156	0.99695	0.999999
1157	0.99735	0.999999
1158	0.9979	1
1159	0.9975	0.999999
1160	0.9972	0.999999
1161	0.99695	0.999999
1162	0.99705	0.999999
1163	0.99745	0.999999
1164	0.99825	1
1165	0.9981	1
1166	0.99815	1
1167	0.99785	1
1168	0.9979	1
1169	0.99765	0.999999
1170	0.99765	0.999999
1171	0.99795	1
1172	0.99815	1
1173	0.99805	1
1174	0.99795	1
1175	0.9988	1
1176	0.9989	1
1177	0.99895	1
1178	0.99885	1
1179	0.99815	1
1180	0.99825	1
1181	0.99805	1
1182	0.9982	1
1183	0.99825	1
1184	0.9978	1
1185	0.99805	1
1186	0.9977	0.999999
1187	0.9976	0.999999
1188	0.99785	1
1189	0.99765	0.999999
1190	0.9977	0.999999
1191	0.9976	0.999999
1192	0.9972	0.999999
1193	0.9966	0.999999
1194	0.9968	0.999999
1195	0.99695	0.999999
1196	0.99745	0.999999
1197	0.9973	0.999999
1198	0.9978	1
1199	0.99725	0.999999
1200	0.99745	0.999999
1201	0.99785	1
1202	0.99825	1
1203	0.9982	1
1204	0.9982	1
1205	0.9983	1
1206	0.9983	1
1207	0.9977	0.999999
1208	0.99805	1
1209	0.9985	1
1210	0.9986	1
1211	0.9985	1
1212	0.9981	1
1213	0.9979	1
1214	0.99765	0.999999
1215	0.9978	1
1216	0.99745	0.999999
1217	0.9977	0.999999
1218	0.9971	0.999999
1219	0.9974	0.999999
1220	0.99765	0.999999
1221	0.9978	1
1222	0.9976	0.999999
1223	0.99775	0.999999
1224	0.9976	0.999999
1225	0.9973	0.999999
1226	0.9976	0.999999
1227	0.99805	1
1228	0.9979	1
1229	0.99745	0.999999
1230	0.9978	1
1231	0.9975	0.999999
1232	0.997	0.999999
1233	0.99715	0.999999
1234	0.99775	0.999999
1235	0.9978	1
1236	0.99805	1
1237	0.99815	1
1238	0.99795	1
1239	0.9977	0.999999
1240	0.99755	0.999999
1241	0.99745	0.999999
1242	0.99785	1
1243	0.9981	1
1244	0.9983	1
1245	0.9984	1
1246	0.9982	1
1247	0.9978	1
1248	0.998	1
1249	0.9982	1
1250	0.9979	1
1251	0.99775	0.999999
1252	0.9973	0.999999
1253	0.99675	0.999999
1254	0.99685	0.999999
1255	0.99715	0.999999
1256	0.9973	0.999999
1257	0.99785	1
1258	0.998	1
1259	0.99765	0.999999
1260	0.99785	1
1261	0.998	1
1262	0.99815	1
1263	0.99775	0.999999
1264	0.99815	1
1265	0.99805	1
1266	0.9982	1
1267	0.9983	1
1268	0.9987	1
1269	0.99835	1
1270	0.99855	1
1271	0.9985	1
1272	0.99865	1
1273	0.99905	1
1274	0.99915	1
1275	0.99885	1
1276	0.9992	1
1277	0.9991	1
1278	0.99935	1
1279	0.9992	1
1280	0.99905	1
1281	0.9991	1
1282	0.99905	1
1283	0.9995	1
1284	0.99955	1
1285	0.99965	1
1286	0.99965	1
1287	0.99945	1
1288	0.9997	1
1289	0.99975	1
1290	0.9998	1
1291	0.9998	1
1292	0.99975	1
1293	0.99965	1
1294	0.99965	1
1295	0.9996	1
1296	0.9996	1
1297	0.99975	1
1298	0.9999	1
1299	0.9999	1
1300	0.99975	1
1301	0.9998	1
1302	0.9998	1
1303	0.99985	1
1304	0.9998	1
